0
1
52
53
54
58
59
65
66
67
68
69
70
71
72
73
74
75
80
81
158
159
184
185
209
210
237
238
241
242
246
247
249
250
256
257
258
297
298
314
315
316
317
325
326
333
334
376
377
383
384
387
388
442
443
489
490
500
501
509
510
519
520
556
557
598
599
619
620
657
658
679
680
743
744
773
774
775
776
816
817
818
819
822
823
824
825
826
827
828
829
830
831
832
839
840
845
846
847
848
849
857
858
885
886
950
951
991
992
1137
1138
1140
1141
1147
1148
1151
1152
1172
1173
1179
1180
1182
1183
1193
1194
1221
1222
1226
1227
1228
1324
1325
1335
1336
1343
1344
1365
1366
1367
1368
1373
1374
1381
1382
1423
1424
1439
1440
1498
1499
1549
1550
1574
1575
1576
1586
1587
1588
1589
1590
1591
1592
1593
1594
1595
1596
1597
1638
1639
1640
1641
1642
1658
1659
1664
1665
1667
1668
1677
1678
1685
1686
1704
1705
1721
1722
1746
1747
1748
1749
1750
1751
1752
1753
1754
1755
1756
1759
1760
1761
1762
1763
1764
1766
1767
1768
1769
1770
1771
1772
1773
1774
1775
1793
1794
1795
1796
1797
1802
1803
1805
1806
1807
1810
1811
1812
1813
1814
1815
1837
1838
1839
1840
1841
1842
1843
1844
1846
1847
1848
1854
1855
1878
1879
1892
1893
1895
1896
1918
1919
1987
1988
1992
1993
1994
2009
2010
2018
2019
2110
2111
2113
2114
2184
2185
2186
2187
2274
2275
2309
2310
2374
2375
2410
2411
2412
2413
2414
2415
2416
2417
2418
2419
2421
2422
2423
2441
2442
2462
2463
2495
2496
2522
2523
2524
2525
2526
2527
2528
2529
2549
2550
2551
2552
2580
2581
2607
2608
2643
2644
2645
2646
2647
2648
2649
2650
2651
2652
2653
2654
2655
2656
2685
2686
2687
2688
2689
2690
2692
2693
2720
2721
2826
2827
2832
2833
2834
2864
2865
2895
2896
2953
2954
2958
2959
2979
2980
2994
2995
3042
3043
3044
3045
3046
3047
3048
3049
3050
3066
3067
3068
3069
3070
3071
3072
3166
3167
3180
3181
3182
3183
3184
3185
3186
3187
3188
3189
3190
3191
3194
3195
3196
3199
3200
3222
3223
3236
3237
3252
3253
3267
3268
3294
3295
3308
3309
3377
3378
3438
3439
3522
3523
3524
3525
3526
3527
3539
3540
3541
3542
3543
3563
3564
3568
3569
3570
3590
3591
3610
3611
3636
3637
3676
3677
3678
3681
3682
3683
3684
3685
3686
3687
3688
3689
3690
3691
3692
3694
3695
3696
3697
3698
3699
3700
3705
3706
3709
3710
3712
3713
3717
3718
3723
3724
3733
3734
3742
3743
3760
3761
3774
3775
3806
3807
3812
3813
3852
3853
3859
3860
3861
3862
3863
3921
3922
3933
3934
3935
3936
3937
3938
3941
3942
3959
3960
3998
3999
4001
4002
4018
4019
4033
4034
4043
4044
4108
4109
4112
4113
4121
4122
4123
4124
4167
4168
4237
4238
4567
4568
4584
4585
4625
4626
4659
4660
4661
4662
4663
4664
4665
4666
4667
4672
4673
4681
4682
4689
4690
4823
4824
4870
4871
4876
4877
4913
4914
4956
4957
4997
4998
5004
5005
5058
5059
5083
5084
5085
5086
5087
5088
5089
5090
5091
5092
5093
5094
5095
5096
5097
5098
5100
5101
5102
5103
5104
5119
5120
5191
5192
5193
5194
5195
5210
5211
5452
5453
5454
5455
5460
5461
5462
5478
5479
5480
5481
5482
5491
5492
5493
5501
5502
5505
5506
5532
5533
5570
5571
5573
5574
5641
5642
5646
5647
5654
5655
5682
5683
5686
5687
5691
5692
5699
5700
5728
5729
5730
5753
5754
5755
5756
5757
5759
5760
5769
5770
5777
5778
5782
5783
5784
5785
5786
5787
5904
5905
5950
5951
6074
6075
6248
6249
6250
6251
6252
6253
6254
6255
6266
6267
6268
6269
6270
6271
6272
6273
6274
6294
6295
6305
6306
6325
6326
6382
6383
6397
6398
6408
6409
6410
6411
6412
6413
6414
6419
6420
6421
6422
6491
6492
6554
6555
6607
6608
6661
6662
6677
6678
6700
6701
6702
6703
6704
6705
6706
6707
6715
6716
6734
6735
6738
6739
6745
6746
6765
6766
6775
6776
6783
6784
6786
6787
6788
6811
6812
6813
6814
6815
6816
6817
6818
6819
6844
6845
6888
6889
6903
6904
6970
6971
6986
6987
7049
7050
7081
7082
7083
7084
7085
7086
7087
7088
7089
7090
7091
7092
7093
7094
7095
7096
7097
7098
7099
7103
7104
7106
7107
7128
7129
7139
7140
7146
7147
7148
7149
7150
7151
7172
7173
7174
7175
7176
7177
7178
7179
7180
7181
7184
7185
7186
7187
7190
7191
7193
7194
7195
7196
7197
7198
7199
7200
7203
7204
7206
7207
7209
7210
7234
7235
7240
7241
7248
7249
7258
7259
7267
7268
7272
7273
7283
7284
7298
7299
7310
7311
7315
7316
7320
7321
7322
7326
7327
7328
7329
7330
7331
7332
7333
7334
7335
7336
7337
7367
7368
7402
7403
7404
7405
7406
7407
7408
7409
7411
7412
7413
7415
7416
7432
7433
7464
7465
7466
7467
7469
7470
7471
7472
7474
7475
7476
7477
7478
7479
7480
7481
7483
7484
7505
7506
7517
7518
7519
7520
7521
7522
7527
7528
7537
7538
7539
7540
7541
7545
7546
7589
7590
7605
7606
7609
7610
7611
7612
7616
7617
7618
7620
7621
7625
7626
7671
7672
7700
7701
7716
7717
7718
7719
7722
7723
7730
7731
7742
7743
7811
7812
7859
7860
7892
7893
7896
7897
7914
7915
7970
7971
7972
7992
7993
8015
8016
8025
8026
8058
8059
8062
8063
8085
8086
8103
8104
8113
8114
8127
8128
8140
8141
8142
8143
8148
8149
8150
8151
8152
8153
8161
8162
8222
8223
8237
8238
8269
8270
8290
8291
8292
8293
8336
8337
8342
8343
8353
8354
8355
8380
8381
8382
8433
8434
8435
8436
8517
8518
8523
8524
8525
8526
8527
8528
8529
8530
8531
8532
8547
8548
8651
8652
8675
8676
8705
8706
8735
8736
8832
8833
8868
8869
8885
8886
8938
8939
8946
8947
8954
8955
9007
9008
9090
9091
9092
9093
9094
9095
9096
9127
9128
9137
9138
9149
9150
9151
9152
9153
9154
9156
9157
9158
9159
9160
9161
9182
9183
9229
9230
9234
9235
9236
9237
9238
9252
9253
9254
9255
9256
9257
9258
9260
9261
9283
9284
9300
9301
9302
9303
9304
9305
9306
9307
9308
9309
9310
9311
9312
9313
9314
9316
9317
9329
9330
9339
9340
9344
9345
9409
9410
9413
9414
9429
9430
9431
9432
9441
9442
9445
9446
9459
9460
9479
9480
9520
9521
9562
9563
9586
9587
9588
9589
9590
9591
9592
9593
9595
9596
9597
9598
9600
9601
9602
9603
9604
9605
9606
9607
9608
9609
9610
9611
9612
9619
9620
9621
9622
9623
9636
9637
9665
9666
9687
9688
9749
9750
9784
9785
9845
9846
9850
9851
9862
9863
9870
9871
9904
9905
9906
9914
9915
9916
9917
9918
9919
9921
9922
9923
9924
9948
9949
9951
9952
9953
9954
9956
9957
9958
9959
9960
9961
9962
9963
9977
9978
10027
10028
10064
10065
10094
10095
10156
10157
10189
10190
10203
10204
10209
10210
10293
10294
10319
10320
10323
10324
10328
10329
10330
10331
10341
10342
10343
10394
10395
10412
10413
10436
10437
10446
10447
10462
10463
10496
10497
10507
10508
10526
10527
10570
10571
10572
10619
10620
10662
10663
10664
10665
10722
10723
10732
10733
10735
10736
10746
10747
10817
10818
10824
10825
10831
10832
10847
10848
10942
10943
11038
11039
11040
11041
11042
11043
11044
11052
11053
11116
11117
11144
11145
11146
11147
11148
11149
11150
11151
11152
11154
11155
11188
11189
11203
11204
11214
11215
11234
11235
11237
11238
11239
11240
11241
11242
11243
11244
11272
11273
11341
11342
11345
11346
11354
11355
11362
11363
11364
11365
11366
11367
11368
11370
11371
11372
11416
11417
11421
11422
11423
11424
11425
11426
11428
11429
11430
11431
11432
11433
11437
11438
11441
11442
11447
11448
11458
11459
11475
11476
11478
11479
11482
11483
11518
11519
11527
11528
11557
11558
11562
11563
11566
11567
11568
11584
11585
11600
11601
11603
11604
11605
11606
11607
11636
11637
11642
11643
11648
11649
11672
11673
11716
11717
11722
11723
11741
11742
11743
11744
11746
11747
11757
11758
11762
11763
11764
11765
11766
11767
11768
11769
11770
11771
11787
11788
11809
11810
11816
11817
11826
11827
11919
11920
11952
11953
11973
11974
11975
11976
11977
11983
11984
11992
11993
11994
11995
11996
11997
11998
12052
12053
12065
12066
12067
12068
12081
12082
12084
12085
12086
12096
12097
12098
12123
12124
12144
12145
12154
12155
12251
12252
12274
12275
12277
12278
12279
12280
12281
12282
12283
12326
12327
12409
12410
12417
12418
12419
12421
12422
12423
12424
12425
12426
12427
12428
12458
12459
12460
12483
12484
12498
12499
12520
12521
12531
12532
12564
12565
12571
12572
12624
12625
12644
12645
12666
12667
12677
12678
12681
12682
12683
12684
12689
12690
12729
12730
12743
12744
12745
12746
12775
12776
12789
12790
12797
12798
12807
12808
12848
12849
12853
12854
12860
12861
12913
12914
12935
12936
12974
12975
12976
12977
12978
12979
12980
12981
12982
12983
12984
12985
12986
12992
12993
12999
13000
13041
13042
13048
13049
13164
13165
13244
13245
13258
13259
13260
13261
13262
13263
13264
13265
13266
13267
13268
13269
13270
13286
13287
13454
13455
13456
13457
13459
13460
13461
13464
13465
13466
13467
13468
13475
13476
13601
13602
13718
13719
13762
13763
13802
13803
13936
13937
13949
13950
13952
13953
13954
13955
13956
13959
13960
13974
13975
13976
13977
13978
13995
13996
14011
14012
14038
14039
14043
14044
14045
14046
14047
14056
14057
14146
14147
14191
14192
14255
14256
14260
14261
14263
14264
14265
14266
14267
14268
14269
14270
14271
14272
14301
14302
14314
14315
14316
14317
14318
14319
14320
14321
14322
14323
14325
14326
14330
14331
14344
14345
14354
14355
14357
14358
14359
14360
14361
14365
14366
14411
14412
14413
14437
14438
14544
14545
14555
14556
14562
14563
14564
14565
14566
14567
14576
14577
14579
14580
14582
14583
14591
14592
14593
14594
14595
14621
14622
14625
14626
14633
14634
14635
14636
14637
14638
14639
14687
14688
14721
14722
14740
14741
14757
14758
14773
14774
14793
14794
14812
14813
14865
14866
14874
14875
14884
14885
14890
14891
14927
14928
14930
14931
14964
14965
14986
14987
14994
14995
15005
15006
15012
15013
15014
15015
15028
15029
15048
15049
15115
15116
15127
15128
15181
15182
15220
15221
15222
15237
15238
15239
15240
15241
15242
15243
15244
15245
15246
15254
15255
15265
15266
15271
15272
15278
15279
15280
15281
15282
15283
15284
15285
15286
15288
15289
15290
15291
15298
15299
15366
15367
15394
15395
15404
15405
15479
15480
15482
15483
15484
15485
15486
15487
15488
15489
15490
15491
15492
15493
15494
15495
15496
15497
15498
15515
15516
15541
15542
15546
15547
15548
15549
15550
15551
15598
15599
15621
15622
15623
15624
15625
15626
15643
15644
15645
15646
15647
15686
15687
15688
15689
15707
15708
15728
15729
15769
15770
15810
15811
15812
15840
15841
15842
15843
15844
15846
15847
15961
15962
15985
15986
15987
16013
16014
16015
16016
16029
16030
16052
16053
16108
16109
16120
16121
16137
16138
16156
16157
16217
16218
16234
16235
16242
16243
16253
16254
16255
16256
16328
16329
16330
16331
16332
16333
16334
16335
16336
16337
16427
16428
16450
16451
16492
16493
16494
16495
16496
16497
16498
16502
16503
16504
16505
16506
16525
16526
16549
16550
16551
16552
16555
16556
16580
16581
16585
16586
16587
16588
16589
16590
16591
16634
16635
16636
16637
16638
16639
16640
16641
16642
16643
16648
16649
16667
16668
16691
16692
16716
16717
16718
16719
16799
16800
16837
16838
16851
16852
16859
16860
16870
16871
16872
16873
16874
16875
16876
16877
16878
16879
16880
16922
16923
16928
16929
16930
16931
16932
16933
16934
16935
16955
16956
16994
16995
16997
16998
17016
17017
17077
17078
17081
17082
17085
17086
17093
17094
17095
17096
17109
17110
17123
17124
17141
17142
17143
17144
17150
17151
17183
17184
17219
17220
17231
17232
17270
17271
17398
17399
17421
17422
17488
17489
17560
17561
17824
17825
17868
17869
17921
17922
17928
17929
17997
17998
18040
18041
18042
18071
18072
18075
18076
18077
18080
18081
18082
18104
18105
