0;1;2;3;4;5;6;7;8;9;10;11;12;13;14;15;16;17;18;19;20;21;22;23;24;25;26;27;28;29;30;31;32;33;34;35;36;37;38;39
1;1;1;1;1;1;1;1;1;1;1;1;1;1;1;1;1;1;1;1;1;1;1;1;1;1;1;1;1;1;1;1;1;1;1;1;1;1;1;1
1;1;1;1;1;1;1;1;1;1;1;1;1;1;1;1;1;1;1;1;1;1;1;1;1;1;1;1;1;1;1;1;1;1;1;1;1;1;1;1
0.463;0.456;0.376;0.252;0.809;0.187;0.088;0.481;0.266;1.072;0.549;0.78;0.247;0.439;0.344;0.39;0.442;0.116;2.472;2.765;0.284;0.062;0.374;0.324;0.048;0.745;0.281;0.474;0.279;0.286;0.282;2.181;0.796;2.843;0.089;0.275;0.022;1.197;3.143;0.119
0.485;0.114;0.474;1.152;0.657;0.708;0.384;0.452;0.631;0.355;0.032;0.239;0.341;0.413;0.296;0.122;0.204;0.621;2.999;3.149;0.317;2.494;0.144;1.209;0.585;3.857;0.607;1.053;3.326;0.766;0.134;1.183;0.807;1.088;0.251;0.133;0.067;0.347;0.852;0.302
1.299;0.414;3.308;0.146;0.288;1.332;1.344;0.498;2.415;2.824;0.341;2.921;3.321;2.126;1.672;0.506;0.178;0.26;1.1;0.017;0.163;0.068;0.02;0.141;1.005;0.913;0.795;0.484;0.311;0.019;0.098;0.414;0.349;0.073;1.272;3.276;0.885;0.744;0.401;0.467
0.946;0.538;0.105;0.393;0.96;0.73;0.122;0.372;0.637;0.313;0.109;0.753;0.204;0.503;0.622;0.619;0.15;0.153;3.219;2.717;0.398;0.12;0.577;0.261;0.769;2.699;3.084;0.531;0.17;0.023;0.345;2.416;0.275;1.05;0.388;0.788;0.387;2.82;1.083;0.095
0.519;0.825;0.292;0.262;0.039;0.221;0.565;0.503;0.164;0.685;0.559;0.59;0.214;0.052;0.245;0.631;0.028;0.029;3.425;2.16;0.506;0.166;0.742;0.553;0.596;0.568;0.529;0.129;3.06;2.223;0.789;2.154;0.393;1.279;0.03;0.036;0.094;1.094;0.204;0.292
0.06;0.81;0.975;0.426;3.102;0.434;3.01;0.086;0.079;0.15;0.141;0.267;0.312;0.366;0.277;0.207;0.625;0.383;2.778;4.037;0.133;2.904;0.251;2.655;0.226;1.033;0.619;0.197;3.647;1.107;0.586;2.895;0.303;3.755;2.399;0.893;0.092;0.22;0.719;0.091
1.115;0.218;0.391;0.285;0.392;0.477;0.653;0.08;0.271;0.159;1.618;0.82;0.214;0.624;0.016;0.299;0.3;0.066;3.105;2.447;0.41;0.335;0.089;0.211;0.041;1.686;0.256;0.586;0.44;1.417;0.368;3.137;0.882;1.468;1.084;1.231;1.14;3.228;0.948;0.493
0.67;0.51;0.408;0.123;0.104;0.143;0.512;0.343;0.267;0.946;0.112;0.377;0.317;0.741;0.159;0.421;0.099;1.384;1.181;3.324;1.122;0.562;0.283;0.358;0.719;0.228;0.099;0.032;1.167;2.551;0.263;0.972;0.927;2.442;0.041;0.15;0.446;0.405;0.732;0.439
3.251;0.776;3.089;0.044;0.315;3.779;1.555;0.136;3.796;3.403;0.441;2.912;1.364;2.443;0.834;0.258;0.172;0.446;0.432;0.378;0.82;0.141;0.276;0.359;0.287;0.012;0.264;0.104;0.545;0.062;0.521;0.76;0.557;0.05;0.908;4.257;0.383;0.076;0.173;0.544
0.795;0.971;0.403;0.225;0.676;2.316;0.976;0.904;2.532;3.096;0.826;1.613;0.19;2.193;0.857;0.085;0.151;0.202;0.516;0.567;0.742;0.071;0.149;0.398;0.026;0.511;1.854;0.42;0.103;0.026;0.044;0.375;0.381;0.421;1.004;2.185;0.176;0.13;0.065;0.051
0.291;0.924;1.158;0.651;0.608;0.301;0.139;1.287;0.165;0.05;1.152;0.482;0.243;0.061;0.136;0.316;0.582;1.364;2.02;1.046;0.098;0.036;0.373;0.479;0.231;0.466;0.733;0.142;0.421;0.988;1.541;0.189;0.186;0.063;0.677;0.001;1.181;0.188;0.56;0.057
1.141;0.638;0.121;0.387;0.042;0.325;0.608;0.733;0.204;0.386;0.825;0.657;0.168;0.176;0.255;0.19;0.419;0.05;4.3;3.935;0.028;0.089;0.521;0.389;0.443;0.061;0.566;0.226;0.691;0.566;0.24;2.657;0.317;2.522;1.333;0.367;0.401;2.548;4.036;0.34
0.321;0.178;0.372;0.301;1.119;0.221;0.751;0.168;0.051;0.171;0.508;0.217;0.617;0.277;0.493;3.182;2.439;0.407;0.838;1.508;0.58;1.968;0.396;0.699;0.944;0.182;0.509;0.069;1.78;3.559;0.497;1.191;0.332;2.909;0.183;0.857;0.309;0.229;0.125;0.24
0.049;0.246;0.476;0.404;0.102;0.747;0.702;0.572;0.055;0.053;0.173;0.252;0.526;0.231;0.354;0.437;0.291;1.091;3.78;1.987;0.061;0.702;0.11;0.996;0.186;0.144;0.001;0.034;3.579;1.453;0.314;0.806;0.858;1.846;0.126;0.366;0.503;0.444;0.178;0.466
0.062;0.283;0.968;2.985;0.192;1.178;0.273;1.154;0.728;0.305;0.029;0.17;0.502;0.236;0.34;0.074;0.45;0.758;2.353;1.137;0.083;0.084;0.021;0.255;0.111;0.598;0.623;0.112;0.62;0.464;0.797;2.383;0.312;2.148;0.268;1.262;0.28;2.733;1.224;0.046
0.07;0.707;0.073;0.6;0.169;0.098;0.501;0.773;0.631;0.84;0.493;0.193;0.068;1.207;0.32;0.485;0.101;0.487;2.819;2.181;0.421;0.686;0.447;0.49;0.384;0.643;0.648;0.884;3.602;2.974;0.212;3.629;0.703;0.671;0.479;0.161;0.7;1.106;1.233;0.303
0.392;0.22;0.908;0.375;0.384;0.001;0.079;1.217;0.043;0.138;0.019;0.119;0.148;0.434;0.521;0.338;0.26;0.584;2.729;4.373;0.12;0.742;0.637;0.167;0.846;2.367;2.491;0.389;0.047;0.239;0.379;2.795;0.043;3.485;0.363;0.304;0.098;1.442;3.458;0.506
0.592;0.244;0.614;0.068;2.59;0.194;1.782;0.101;0.126;0.083;0.639;1.253;0.156;0.898;0.356;0.069;0.135;0.656;4.801;2.703;0.493;3.135;0.781;2.047;0.602;0.276;0.081;0.234;3.002;1.905;0.327;2.726;0.075;3.269;2.944;0.247;0.361;0.656;0.716;0.186
0.582;0.254;0.16;0.298;3.249;0.397;3.022;0.206;0.166;1.016;0.204;0.332;0.051;0.487;0.592;0.251;0.104;0.096;2.755;3.447;0.327;2.206;0.604;3.935;0.286;0.998;0.071;0.251;2.462;0.986;0.22;3.234;0.672;2.159;0.786;0.705;0.151;0.474;0.991;0.509
1.045;0.402;0.071;0.788;1.208;0.282;0.234;1.229;1.212;0.075;0.808;0.741;0.39;0.959;0.681;0.211;0.418;0.093;3.021;1.224;0.421;0.332;0.42;0.943;0.165;3.112;1.513;0.329;0.36;0.63;0.044;2.262;0.585;2.621;0.243;0.124;0.448;2.007;3.068;0.046
0.141;1.358;0.083;0.313;0.124;0.322;0.45;0.0;0.759;0.362;0.733;0.207;0.428;0.012;0.378;0.088;0.098;0.452;0.854;1.308;0.376;0.359;0.258;0.085;0.308;2.26;1.536;0.472;0.456;0.15;0.021;4.024;0.869;0.889;1.035;0.791;1.067;1.798;2.745;0.084
0.445;0.408;0.494;0.251;0.315;0.564;1.045;0.196;0.597;0.236;1.389;2.337;0.727;2.845;0.367;0.7;0.058;0.499;0.061;0.331;0.815;0.427;0.032;0.923;0.355;0.766;0.872;0.734;0.391;0.066;0.278;0.195;0.579;0.668;2.309;2.265;1.021;0.215;0.595;0.434
0.357;0.208;0.087;0.515;0.135;0.237;0.769;0.421;0.16;0.154;0.361;0.403;0.632;0.38;0.625;0.388;0.211;0.044;2.237;1.262;0.348;0.756;0.088;0.221;0.174;0.644;0.18;0.032;0.171;0.059;0.31;3.164;0.275;1.236;0.079;0.013;0.254;3.313;3.75;0.597
0.035;0.476;0.278;0.516;0.262;0.301;0.558;0.291;0.47;0.799;0.606;0.622;0.778;0.335;0.773;0.313;1.022;0.987;1.176;2.707;0.163;0.459;0.341;0.294;0.184;1.028;0.259;0.419;2.897;2.949;0.564;3.524;0.565;2.741;0.883;1.068;0.697;0.538;0.378;0.398
0.492;0.008;0.275;0.545;0.558;0.095;0.889;0.446;0.472;0.13;0.336;0.001;0.11;1.188;0.991;0.331;0.069;0.655;2.875;2.707;0.062;0.373;0.272;0.045;0.552;0.094;0.925;0.898;3.571;1.928;0.347;3.709;0.045;1.497;0.06;0.024;0.174;0.135;0.489;0.564
0.076;0.615;1.672;3.045;0.354;0.108;0.276;0.162;0.814;1.118;0.212;0.471;0.655;0.292;0.759;0.615;0.109;0.385;3.238;3.002;0.442;0.426;0.156;0.379;0.68;0.139;0.173;0.77;1.211;0.524;3.515;1.566;0.444;2.655;0.67;0.084;0.083;2.94;2.633;0.03
0.418;0.719;0.083;0.126;0.602;0.009;0.272;0.603;0.112;0.184;0.268;0.584;0.256;0.22;0.356;0.362;0.072;0.724;2.46;0.847;0.449;2.803;0.362;2.058;0.468;2.66;0.677;2.303;2.31;2.756;0.601;3.723;0.327;0.571;0.175;0.561;0.532;0.601;1.063;0.175
0.301;0.695;0.495;0.615;0.347;1.054;0.648;0.345;0.208;0.134;0.691;0.614;0.072;0.099;0.078;0.472;0.874;0.043;1.733;3.416;0.001;0.227;0.571;0.05;0.018;0.492;0.582;0.403;3.856;2.142;0.376;2.949;0.161;3.268;0.842;0.274;0.356;0.117;0.258;1.559
0.478;1.003;1.985;0.012;0.291;2.646;1.526;0.677;2.937;3.813;0.791;1.7;0.719;2.708;0.801;0.388;0.121;0.82;0.441;0.823;0.135;0.409;0.518;0.287;0.526;0.357;0.036;0.136;0.127;0.462;0.502;0.37;0.001;0.067;0.922;4.258;0.71;0.253;0.844;0.305
4.156;0.589;2.426;1.299;0.165;4.497;2.255;0.024;5.272;1.003;0.033;4.203;3.609;2.448;1.254;0.23;0.726;0.05;0.121;0.312;0.919;0.314;1.102;0.356;0.595;0.222;0.196;0.542;0.187;0.178;0.197;0.375;0.766;0.093;1.09;1.019;0.14;1.192;0.851;0.307
0.965;0.18;2.798;1.288;0.423;0.096;0.11;0.261;1.031;0.329;0.19;0.292;0.313;0.083;0.229;0.274;0.653;0.096;3.188;2.271;0.392;0.405;0.334;0.134;0.03;0.375;0.658;0.231;0.377;0.223;0.991;0.943;0.628;2.913;0.022;0.325;0.164;3.433;1.078;0.535
0.849;0.462;0.015;0.46;0.39;0.217;0.078;0.713;0.229;0.994;1.056;0.742;0.415;0.827;0.316;0.0;0.304;0.156;3.931;1.918;0.114;1.003;0.098;0.19;0.04;0.16;0.596;0.238;0.893;0.226;0.956;3.079;0.331;2.691;0.081;1.264;1.459;2.149;2.225;0.52
0.036;0.677;0.244;0.072;0.64;0.425;0.061;0.314;0.061;0.024;0.471;0.221;0.575;0.99;0.031;0.786;0.136;0.154;0.806;1.2;0.191;1.119;0.678;0.064;0.674;0.039;1.032;0.948;0.472;0.352;1.588;2.343;0.309;2.408;0.338;0.147;0.654;2.967;1.387;0.407
0.235;0.126;0.144;0.153;0.378;0.584;0.124;0.18;0.496;0.242;0.334;0.116;0.15;0.65;0.656;0.878;0.542;0.216;0.052;0.01;0.06;0.31;0.331;0.198;0.487;0.503;0.001;0.065;0.554;0.19;0.169;0.395;0.846;0.596;2.02;3.258;0.824;0.069;0.649;0.426
0.226;0.892;0.927;0.187;0.407;0.095;1.025;0.143;0.033;0.047;0.121;0.961;0.525;0.391;0.955;1.876;2.598;0.258;3.233;3.021;0.014;2.08;0.275;2.674;0.212;0.61;0.362;0.503;3.341;1.88;0.33;2.38;0.079;2.679;1.403;0.502;0.377;0.18;0.343;0.208
0.246;0.234;0.096;0.741;0.426;0.07;0.358;0.43;0.104;0.067;0.628;0.177;0.135;0.824;0.544;0.499;0.613;0.219;3.616;2.218;0.404;0.29;0.218;0.328;0.265;0.102;0.462;0.418;3.456;2.303;0.641;1.682;1.12;3.08;0.088;0.07;0.738;0.03;0.294;0.297
0.642;0.565;0.538;0.338;0.191;0.429;1.013;0.738;0.46;0.637;0.142;0.342;0.712;0.483;0.212;0.517;0.699;0.101;2.833;2.442;0.266;0.348;0.481;0.137;0.793;2.622;2.355;0.619;0.226;0.051;0.195;2.223;0.587;2.396;0.107;0.65;0.549;1.841;3.053;0.833
3.165;0.217;2.66;0.482;0.244;1.973;2.403;0.367;0.69;3.052;1.1;1.746;3.255;2.36;2.836;1.3;1.11;1.092;0.373;0.468;0.769;0.517;0.768;0.627;0.364;1.53;1.288;0.039;0.505;0.909;0.004;0.137;1.21;0.057;3.655;3.271;0.314;0.125;0.592;0.482
0.471;0.184;0.357;0.376;0.085;0.891;0.415;0.087;0.099;0.743;0.051;0.419;0.35;0.072;0.128;0.088;0.746;0.952;2.637;1.196;0.37;1.094;0.442;0.039;0.49;1.049;0.612;0.806;1.881;2.556;0.029;3.104;0.709;2.072;0.554;0.371;0.345;0.117;0.824;0.038
0.433;0.295;0.386;1.019;0.181;0.358;0.13;0.298;0.335;0.225;0.261;0.453;0.451;0.101;0.488;0.221;0.986;0.219;1.75;2.061;0.305;0.193;0.397;0.097;0.082;0.43;1.362;0.226;0.946;1.166;0.237;2.05;0.583;1.826;0.184;0.864;0.109;0.218;0.56;0.536
0.044;0.519;0.564;0.324;2.493;0.294;2.0;0.811;0.238;0.345;0.123;0.025;0.412;0.187;0.609;0.583;0.247;0.873;1.156;3.425;0.453;1.549;0.976;0.86;0.299;0.153;0.172;0.983;4.975;3.519;0.804;3.109;0.192;1.905;2.809;0.218;1.037;0.064;0.343;0.076
0.41;0.272;3.56;2.936;0.328;0.162;0.374;0.078;0.321;0.048;0.881;0.469;0.963;0.87;0.575;0.95;0.534;0.488;1.703;3.782;0.012;0.347;0.669;0.168;0.761;0.229;0.781;0.699;1.273;0.656;4.371;1.937;0.813;4.743;0.153;1.138;0.549;2.202;3.032;0.567
0.24;0.422;0.814;0.406;1.168;1.295;0.132;0.636;1.142;3.476;0.318;1.082;0.219;2.287;0.779;0.789;0.084;0.313;0.182;0.197;0.712;0.658;0.538;0.308;0.036;0.072;0.623;0.392;0.154;1.207;0.569;0.054;0.726;0.025;2.055;0.809;0.407;0.354;0.158;0.286
0.421;0.157;0.009;0.218;0.419;0.681;0.36;0.502;0.549;0.208;0.607;0.694;0.461;0.045;0.564;0.209;0.252;0.702;3.842;0.606;0.364;0.057;0.262;0.305;0.171;1.244;0.055;0.079;0.238;0.436;0.194;0.308;0.073;0.947;0.214;0.489;0.015;0.089;0.27;0.677
0.292;0.325;0.106;0.191;0.277;0.848;0.18;0.191;0.354;1.287;0.205;0.492;0.542;0.252;0.189;0.741;0.537;0.068;2.324;2.136;0.432;1.036;0.752;0.402;0.428;2.581;1.206;0.485;0.104;0.688;0.976;2.942;0.028;1.259;0.256;0.062;0.499;3.032;1.297;0.033
0.496;0.636;0.151;0.669;1.502;0.34;0.29;0.252;0.678;0.429;0.331;0.275;0.399;0.134;0.315;0.931;0.734;0.528;2.429;2.963;1.335;0.443;0.452;0.088;0.299;1.237;1.68;0.184;0.66;0.69;0.158;2.834;0.128;3.931;0.506;0.399;0.455;1.826;1.386;1.004
1.898;0.372;1.433;0.077;0.294;0.921;1.264;0.018;2.233;2.531;1.495;2.54;0.116;2.22;0.27;0.219;0.225;0.265;0.124;1.003;0.743;0.526;0.699;0.522;0.15;0.276;0.413;0.691;0.307;0.426;0.779;1.427;0.035;1.061;2.17;2.475;0.377;1.093;0.714;0.62
0.092;0.825;0.467;0.7;0.438;0.616;0.037;0.659;2.9;2.372;0.066;2.665;0.364;1.279;0.233;0.156;0.641;0.119;0.577;0.212;0.166;0.053;0.047;0.893;0.565;0.815;0.349;0.183;0.882;0.24;0.276;0.585;0.354;0.421;2.778;4.587;0.536;0.501;0.093;0.109
0.027;0.49;0.285;0.152;0.424;0.533;0.391;0.042;0.012;0.276;0.971;0.892;0.387;1.009;0.352;1.037;0.16;0.03;1.748;3.035;0.314;0.795;0.304;0.355;0.959;2.0;2.502;0.479;0.406;0.925;0.149;0.833;0.016;3.126;0.063;0.024;1.069;2.219;1.108;0.393
0.071;0.809;0.459;0.303;0.276;1.092;1.282;1.574;0.151;0.292;0.088;1.566;0.141;0.934;0.645;0.555;0.119;0.252;3.825;4.051;0.325;0.127;0.869;0.644;0.211;3.891;3.842;0.174;0.086;0.271;0.41;2.774;0.706;2.991;0.012;0.202;1.005;2.619;2.23;0.447
0.682;0.446;0.396;0.111;0.976;0.059;0.225;0.513;0.463;0.399;3.094;2.997;0.694;0.289;0.126;0.343;0.25;0.392;0.331;0.043;0.001;0.005;0.053;0.895;0.284;0.196;0.648;0.83;0.25;0.014;0.505;0.367;0.436;0.548;0.475;0.313;0.594;0.501;0.537;0.319
0.219;0.394;2.897;2.676;0.815;0.452;0.364;0.263;0.255;0.036;0.129;1.206;0.289;0.227;0.335;0.697;0.531;0.598;2.711;2.53;0.45;0.291;0.265;1.155;0.57;0.081;0.026;0.243;0.474;0.388;3.468;0.661;0.556;2.638;0.314;0.276;0.028;2.588;2.445;0.144
0.291;0.134;0.277;0.695;2.078;0.24;1.217;0.228;0.579;0.363;0.918;0.084;0.247;0.255;0.07;0.14;0.373;0.164;2.525;2.833;0.198;0.227;0.303;1.963;0.496;0.179;0.285;0.162;1.428;0.575;0.114;2.84;1.07;2.376;0.747;0.292;0.493;0.616;0.628;0.425
0.764;0.119;0.685;0.887;0.675;0.469;0.002;0.598;0.018;0.217;0.368;0.244;0.421;0.444;0.339;0.263;0.164;0.117;2.973;2.914;0.432;2.733;0.552;2.263;0.198;3.736;0.331;3.012;3.006;1.445;0.508;1.663;0.853;3.42;0.107;0.131;1.006;0.235;1.444;0.168
2.876;0.927;3.18;0.152;0.451;3.264;1.128;0.482;2.239;0.865;0.293;3.015;1.124;2.69;3.811;0.174;0.656;0.493;1.038;0.241;0.047;0.217;0.509;0.052;0.106;0.003;0.28;0.568;0.39;0.563;0.013;0.091;0.838;1.062;2.665;0.451;0.71;0.206;0.44;0.388
4.222;0.867;3.949;0.712;0.031;3.31;3.986;0.145;2.372;0.902;0.235;2.832;1.596;1.151;3.605;0.005;0.034;0.565;0.557;0.126;0.441;0.328;0.988;0.504;0.197;0.152;0.173;0.445;0.406;0.675;0.319;1.194;0.779;0.751;3.266;3.738;0.203;0.296;0.02;0.613
0.342;0.372;0.146;1.133;0.195;0.618;0.774;1.036;0.484;0.776;0.736;0.126;0.368;0.225;0.68;0.644;0.085;0.986;2.67;2.518;0.903;1.182;1.097;3.484;0.166;0.252;0.569;0.809;0.763;2.595;0.562;4.179;0.485;1.975;3.203;0.298;0.592;0.571;0.459;0.255
0.518;0.967;0.645;0.137;0.768;0.359;0.959;0.325;0.134;0.159;0.25;0.419;0.349;0.475;0.941;0.292;0.75;0.053;2.356;3.326;0.543;0.14;0.188;0.703;0.443;0.207;0.286;0.365;0.768;0.699;0.375;4.062;0.631;3.415;0.733;0.252;0.719;2.385;2.694;1.411
0.634;0.026;0.146;0.321;0.096;1.209;0.476;0.8;0.324;0.212;0.344;0.523;0.568;0.935;0.441;0.632;0.569;0.229;3.104;2.932;0.179;0.079;0.304;1.305;0.691;0.183;1.241;0.111;0.015;1.588;0.287;1.209;1.316;0.325;0.242;0.337;0.909;0.247;0.058;0.771
0.212;0.557;0.373;0.812;0.242;0.709;0.197;1.002;0.824;0.684;0.323;0.521;0.355;0.19;0.872;0.212;0.659;0.347;1.503;0.314;0.208;0.243;0.069;0.918;0.172;0.013;1.291;0.258;0.763;0.141;0.435;0.912;0.296;0.19;2.635;2.022;0.184;0.195;0.011;0.054
0.436;0.479;0.295;0.409;4.228;1.585;2.251;1.109;0.1;0.244;0.051;0.25;0.003;0.055;0.404;0.667;0.263;0.713;3.025;0.152;0.832;1.912;1.131;1.476;0.327;0.46;0.305;0.473;0.53;1.038;0.588;1.391;0.542;1.972;2.047;0.086;0.679;0.08;0.173;0.219
0.279;0.502;3.173;2.978;0.706;0.805;1.21;0.11;0.336;0.121;0.574;0.662;0.815;0.192;0.355;0.514;0.871;0.0;0.849;2.986;0.448;0.091;0.502;0.66;0.264;0.173;0.808;0.345;0.281;0.299;3.418;2.638;0.929;3.141;0.664;0.13;0.27;2.515;2.996;0.55
1.67;0.11;2.421;0.92;0.231;1.14;2.148;0.144;2.737;2.72;0.723;2.912;2.991;3.81;3.759;0.093;0.114;0.107;0.28;1.17;0.012;0.658;0.792;0.084;0.943;0.78;0.323;0.215;1.098;1.047;1.114;0.637;0.231;0.515;2.408;2.516;0.401;0.176;0.187;0.095
0.278;0.705;0.24;0.102;0.489;0.765;0.066;0.712;0.271;0.413;0.599;0.373;0.548;0.01;0.454;0.6;0.198;0.415;3.088;1.165;0.346;2.258;0.449;3.269;0.153;1.173;0.977;2.013;2.662;3.075;0.372;4.669;0.306;1.241;0.226;0.65;0.849;0.648;0.28;0.559
0.116;0.244;0.765;0.096;0.771;0.104;1.196;0.786;0.75;0.436;0.424;0.909;0.68;0.199;0.72;0.866;1.047;0.491;2.075;3.235;0.015;0.239;0.11;1.461;0.22;0.99;3.066;0.918;0.255;0.534;0.479;2.173;0.698;2.084;0.218;0.272;0.169;2.628;1.037;0.798
0.847;1.072;0.717;0.364;2.528;1.362;2.735;0.198;0.091;1.118;0.699;0.798;0.618;0.499;0.254;0.647;0.812;1.041;4.343;2.402;0.109;2.36;0.401;1.682;0.562;0.469;0.235;0.013;1.495;3.141;0.368;3.101;0.449;1.147;2.882;0.807;0.554;0.294;0.68;0.084
0.366;0.471;0.022;0.773;0.845;0.853;2.363;0.949;0.794;0.336;0.105;0.436;0.248;1.167;0.06;0.565;0.011;0.056;2.13;2.07;0.877;2.748;1.006;1.021;0.328;0.191;0.212;0.623;3.024;2.352;1.252;0.634;0.855;4.612;1.798;0.471;0.076;0.036;0.116;0.067
0.459;0.722;0.23;0.011;3.595;0.326;2.175;0.974;0.052;0.709;0.72;0.613;0.085;0.542;0.171;0.059;0.747;0.007;2.237;1.249;0.666;1.11;0.276;3.798;0.123;1.031;0.249;0.211;3.544;3.371;0.264;0.849;1.287;2.917;1.839;0.015;0.228;1.016;1.084;0.316
0.84;0.34;0.696;0.267;3.56;0.252;2.097;0.993;0.585;0.573;0.897;0.388;1.024;0.444;0.048;0.476;0.456;1.531;3.522;4.268;0.537;2.549;0.304;1.568;0.772;0.062;0.605;0.68;2.861;4.151;0.557;1.343;0.411;1.844;0.91;0.056;0.112;0.102;0.411;0.211
0.039;0.358;0.774;0.554;0.139;0.347;0.252;0.536;3.06;4.095;0.122;1.308;0.08;0.916;1.446;0.338;1.278;0.59;0.49;0.293;0.123;0.082;0.655;0.82;0.234;0.299;0.523;0.66;0.322;0.637;0.215;0.441;0.741;0.101;1.252;2.74;0.004;0.175;0.034;0.242
0.398;0.1;3.096;2.688;0.422;0.626;0.161;0.075;0.391;0.477;0.411;0.288;0.166;0.478;0.549;0.647;0.427;0.42;2.902;3.06;0.19;0.325;0.697;0.034;0.707;0.309;0.121;0.229;0.852;0.234;2.569;3.344;0.614;2.54;0.977;0.464;1.064;1.995;1.865;0.48
0.2;0.282;0.634;0.351;0.597;0.3;0.389;0.891;0.035;0.212;1.003;0.214;0.072;0.225;0.223;0.046;0.043;0.11;3.174;2.658;0.034;0.958;0.099;0.612;0.809;0.622;0.405;1.046;0.125;0.343;0.834;2.839;0.549;3.818;0.578;0.294;0.718;0.107;0.688;0.004
2.881;0.934;2.907;0.364;0.55;3.244;3.806;0.131;1.165;3.202;0.179;2.75;1.317;2.731;3.722;0.522;0.8;0.29;0.212;0.723;0.33;0.023;0.922;0.484;0.617;0.472;0.684;0.506;0.199;0.204;0.775;0.372;0.082;0.105;3.593;3.061;1.791;0.675;0.457;0.503
2.794;0.483;3.91;0.303;1.165;1.276;0.916;0.068;1.225;3.732;0.347;1.997;0.44;3.551;0.917;0.293;0.514;0.666;0.274;0.047;0.023;0.158;0.169;0.696;0.302;0.993;0.027;0.38;0.411;0.416;0.37;0.257;0.752;0.959;1.939;2.159;1.818;0.619;1.086;0.479
0.014;0.896;1.525;3.105;0.033;0.871;0.486;0.968;0.192;0.235;0.245;0.702;0.523;0.95;0.46;0.293;0.841;0.501;2.175;1.979;0.202;0.262;0.477;0.779;0.328;0.579;1.015;0.721;0.63;0.042;4.034;2.829;0.466;1.642;1.049;0.528;0.57;2.53;0.8;0.23
0.06;1.116;3.963;1.01;0.386;0.361;0.038;0.716;0.041;0.688;0.825;0.99;0.098;0.461;0.044;0.114;0.018;0.732;3.392;3.69;0.105;0.488;0.517;0.012;0.84;0.552;0.908;0.029;0.715;0.476;1.743;1.701;0.431;3.149;0.899;0.637;1.665;1.523;3.921;1.338
0.2;0.689;0.036;0.457;0.085;0.493;0.358;0.239;0.824;0.089;0.267;0.881;0.732;0.092;0.005;0.935;0.159;0.352;2.29;3.229;1.536;0.089;1.445;1.254;0.228;2.537;3.412;0.203;0.828;0.818;0.609;2.759;0.133;3.383;1.004;0.488;0.091;3.532;2.345;0.647
0.427;0.953;0.257;0.227;0.983;0.47;0.213;0.118;0.518;0.397;0.366;0.138;0.016;0.057;0.357;0.978;0.176;0.373;2.69;2.795;0.636;0.075;0.267;0.147;0.114;0.786;0.153;0.257;2.922;3.137;0.257;1.96;0.542;2.773;0.235;0.972;0.456;0.024;0.175;0.556
0.118;0.352;1.097;0.87;0.563;0.16;0.426;0.229;0.221;0.411;1.085;0.776;0.309;0.817;0.904;1.042;1.016;0.306;3.915;4.172;0.639;0.589;0.133;0.304;0.7;0.029;0.8;0.223;0.262;0.683;2.912;1.672;0.001;2.99;0.673;0.033;0.343;2.351;1.628;0.251
0.592;0.023;0.182;1.029;2.243;0.659;1.158;0.583;1.068;0.448;0.988;1.443;0.056;1.079;0.357;0.639;0.24;0.298;1.022;2.629;0.36;2.479;0.626;2.15;0.099;0.66;0.606;0.092;2.444;3.061;0.335;2.044;0.234;2.988;2.055;0.26;1.008;0.278;0.235;0.275